1 2 3 4 5 6 7 8 9 10 
1 1 1 1 1 1 1 1 1 1 
2112245347 4078945871 4057179015 3532896618 904355503 3650861695 7207684390 939785538 4210672681 2232387792 
0.21 0.38 0.25 0.21 0.12 0.29 0.50 0.08 0.33 0.21 
1 2 3 4 5 6 7 8 9 10 
2 2 2 2 2 2 2 2 2 2 
4507969390 2930926970 5967239601 6912509671 3760397252 5831084287 4801353821 3517607992 3472126290 5590647027 
0.38 0.33 0.38 0.50 0.25 0.50 0.38 0.33 0.21 0.50 
1 2 3 4 5 6 7 8 9 10 
3 3 3 3 3 3 3 3 3 3 
3224454433 5509899181 3875781970 5343416733 4049342881 4693592734 1690561959 1038469097 4167205858 2305760821 
0.25 0.46 0.33 0.50 0.33 0.46 0.17 0.08 0.29 0.21 
1 2 3 4 5 6 7 8 9 10 
4 4 4 4 4 4 4 4 4 4 
1550979812 6482296375 2922024209 2659987449 2810393221 5442096750 1053621660 5498343000 2015312308 6701658595 
0.12 0.46 0.17 0.21 0.17 0.46 0.12 0.46 0.12 0.46 
1 2 3 4 5 6 7 8 9 10 
5 5 5 5 5 5 5 5 5 5 
306610080 4200536211 6974002432 5170403381 4719073507 4782906363 2191753557 5230808252 1806192013 5809739709 
0.08 0.29 0.50 0.42 0.33 0.42 0.12 0.46 0.17 0.46 
1 2 3 4 5 6 7 8 9 10 
6 6 6 6 6 6 6 6 6 6 
828844390 2547384074 2347751189 1280525163 2003028710 1619800780 2546774116 2293239033 122614236 1558544409 
0.17 0.29 0.38 0.17 0.25 0.17 0.21 0.38 0.08 0.29 
1 2 3 4 5 6 7 8 9 10 
7 7 7 7 7 7 7 7 7 7 
6622095050 6328332647 2255971090 4477246507 6210760281 2897996239 4203739924 5319907421 3844443667 7052361651 
0.42 0.46 0.12 0.21 0.46 0.25 0.42 0.38 0.25 0.50 
1 2 3 4 5 6 7 8 9 10 
8 8 8 8 8 8 8 8 8 8 
2701823166 4140011427 4067901363 3062699306 3896064971 334581031 3925060721 613333916 1846936195 4645743093 
0.21 0.46 0.50 0.29 0.50 0.12 0.42 0.12 0.25 0.50 
1 2 3 4 5 6 7 8 9 10 
9 9 9 9 9 9 9 9 9 9 
337351420 3046363055 4162633151 6114073199 5562901163 564707796 3664669364 5549219840 4826951400 1803332355 
0.08 0.21 0.38 0.46 0.50 0.08 0.33 0.46 0.46 0.12 
1 2 3 4 5 6 7 8 9 10 
10 10 10 10 10 10 10 10 10 10 
1786408997 2975326222 5725350466 1523002800 7427431771 2840355252 2882617528 4314095502 4527932032 290985703 
0.21 0.25 0.38 0.08 0.46 0.21 0.17 0.25 0.33 0.08 
1 2 3 4 5 6 7 8 9 10 
11 11 11 11 11 11 11 11 11 11 
3602178825 3881803552 5870485467 3997006836 5115246200 3088005101 207469256 1604559540 868808897 3654798839 
0.33 0.50 0.50 0.42 0.42 0.42 0.08 0.12 0.08 0.29 
1 2 3 4 5 6 7 8 9 10 
12 12 12 12 12 12 12 12 12 12 
3888796000 1255748356 3819987042 1313679752 690096505 2905925338 1656965264 4393016953 3779819034 2268571395 
0.29 0.17 0.33 0.08 0.08 0.33 0.17 0.33 0.38 0.17 
1 2 3 4 5 6 7 8 9 10 
13 13 13 13 13 13 13 13 13 13 
1277820679 2476985254 200890376 532709445 1045416187 1388467053 661534610 2400295451 1364870976 1970408676 
0.21 0.21 0.08 0.08 0.08 0.17 0.08 0.21 0.12 0.25 
1 2 3 4 5 6 7 8 9 10 
14 14 14 14 14 14 14 14 14 14 
2545837873 6537873710 5164934121 2718019805 6479750677 2458592933 999271462 690845770 6142782570 965423430 
0.17 0.46 0.38 0.21 0.46 0.21 0.08 0.08 0.42 0.08 
1 2 3 4 5 6 7 8 9 10 
15 15 15 15 15 15 15 15 15 15 
6595789543 6496776533 2898087278 3496746360 1110007041 4646456215 7948643299 2805088952 6852111111 1124045260 
0.46 0.42 0.25 0.29 0.08 0.29 0.50 0.21 0.50 0.12 
1 2 3 4 5 6 7 8 9 10 
16 16 16 16 16 16 16 16 16 16 
2835972990 4158875704 4607307629 2208030852 7394172253 6140055135 5403577579 5329930131 5788649914 4264828456 
0.25 0.29 0.38 0.17 0.46 0.46 0.33 0.38 0.42 0.33 
1 2 3 4 5 6 7 8 9 10 
17 17 17 17 17 17 17 17 17 17 
2864212225 1886908413 5478418889 6519285790 1634490773 1572710459 3186958006 6236625800 779414923 2835622317 
0.21 0.17 0.50 0.46 0.17 0.17 0.29 0.50 0.08 0.29 
1 2 3 4 5 6 7 8 9 10 
18 18 18 18 18 18 18 18 18 18 
5939599671 2703564314 6403287418 4340433422 984255098 6163034066 4692661495 6349095999 6499871440 5833290179 
0.50 0.29 0.46 0.33 0.08 0.50 0.33 0.42 0.46 0.50 
1 2 3 4 5 6 7 8 9 10 
19 19 19 19 19 19 19 19 19 19 
2670749400 1681750135 3911490035 5735188041 4526878377 2346696668 3136877489 2995974698 986458961 1421086756 
0.21 0.12 0.25 0.42 0.33 0.17 0.25 0.29 0.08 0.12 
1 2 3 4 5 6 7 8 9 10 
20 20 20 20 20 20 20 20 20 20 
5139400945 809387409 4682311433 4483837408 3690402036 4516577957 4603556325 5200408409 6887417861 6458416198 
0.33 0.08 0.33 0.42 0.29 0.33 0.33 0.38 0.50 0.46 
1 2 3 4 5 6 7 8 9 10 
21 21 21 21 21 21 21 21 21 21 
5439674223 7527081475 995623992 5358440815 1142415197 3769195264 2738694899 4291081044 6546542981 2857189760 
0.50 0.50 0.08 0.42 0.08 0.33 0.21 0.33 0.46 0.25 
1 2 3 4 5 6 7 8 9 10 
22 22 22 22 22 22 22 22 22 22 
5773920309 3979331395 2332095186 1834180917 4721009289 2133890528 5648209695 1933355393 1983914498 3025746074 
0.42 0.46 0.12 0.17 0.38 0.12 0.42 0.21 0.21 0.17 
1 2 3 4 5 6 7 8 9 10 
23 23 23 23 23 23 23 23 23 23 
5775929514 5784459325 4839223356 2275300467 2635440459 2404201895 7016782197 2746727011 5411153899 2637477710 
0.33 0.42 0.42 0.21 0.25 0.21 0.50 0.17 0.38 0.17 
1 2 3 4 5 6 7 8 9 10 
24 24 24 24 24 24 24 24 24 24 
7590550091 2107118014 2347504819 7500661235 2341227290 5131464002 5607782256 2834223588 6293336395 3325315732 
0.46 0.17 0.29 0.50 0.25 0.50 0.46 0.21 0.46 0.29 
1 2 3 4 5 6 7 8 9 10 
25 25 25 25 25 25 25 25 25 25 
2098785511 1117451686 3554309147 5533312600 1209926373 6747139199 5168489366 5537434579 1469760234 5504369714 
0.17 0.12 0.21 0.42 0.12 0.46 0.29 0.38 0.08 0.38 
1 2 3 4 5 6 7 8 9 10 
26 26 26 26 26 26 26 26 26 26 
1870935112 2121980190 7205313741 2335954342 5842931923 2529811243 4383900948 3069206483 5515138381 642393661 
0.17 0.21 0.50 0.25 0.46 0.17 0.21 0.29 0.42 0.12 
1 2 3 4 5 6 7 8 9 10 
27 27 27 27 27 27 27 27 27 27 
4770943984 4076429500 2269167532 2019609488 948042047 1338532721 5075657085 3134530485 731627900 3037249757 
0.46 0.33 0.21 0.21 0.08 0.08 0.46 0.29 0.08 0.21 
1 2 3 4 5 6 7 8 9 10 
28 28 28 28 28 28 28 28 28 28 
387503405 2069872452 1423557846 6967737499 6340369226 6411695598 4270117433 6396835976 6130682680 6628701651 
0.08 0.17 0.12 0.50 0.46 0.46 0.29 0.50 0.50 0.42 
1 2 3 4 5 6 7 8 9 10 
29 29 29 29 29 29 29 29 29 29 
1660235909 6562208225 5191036570 5704016601 3401633209 3437685069 3275403852 1562786539 7926889799 3646704835 
0.12 0.42 0.42 0.46 0.21 0.29 0.25 0.17 0.50 0.38 
1 2 3 4 5 6 7 8 9 10 
30 30 30 30 30 30 30 30 30 30 
6709359271 4139511868 2698295203 1349573908 4675009624 1624979055 3614117890 4768036315 2842425916 2565930872 
0.46 0.33 0.17 0.12 0.33 0.21 0.25 0.42 0.21 0.29 
1 2 3 4 5 6 7 8 9 10 
31 31 31 31 31 31 31 31 31 31 
5925799311 2192100287 1555677377 1530054351 4944428978 5552121121 2871967727 7043626702 2992970420 1687945594 
0.42 0.12 0.08 0.12 0.42 0.42 0.25 0.50 0.21 0.25 
1 2 3 4 5 6 7 8 9 10 
32 32 32 32 32 32 32 32 32 32 
1803378349 1308443341 138645005 6171766549 936909165 3993622397 5945441694 677085054 3755843687 888135367 
0.25 0.21 0.08 0.50 0.12 0.38 0.50 0.08 0.42 0.08 
1 2 3 4 5 6 7 8 9 10 
33 33 33 33 33 33 33 33 33 33 
4477807013 2312708542 6692145107 4125291116 4688004966 2794149074 2994568059 2646038501 3474586470 4927164677 
0.38 0.21 0.46 0.42 0.46 0.21 0.21 0.12 0.33 0.42 
1 2 3 4 5 6 7 8 9 10 
34 34 34 34 34 34 34 34 34 34 
3611966471 3382253675 1749244273 1424351335 2886651538 1202789392 1654721163 3974202305 2149110502 4862965607 
0.33 0.42 0.12 0.12 0.29 0.12 0.08 0.42 0.21 0.42 
1 2 3 4 5 6 7 8 9 10 
35 35 35 35 35 35 35 35 35 35 
4676078399 3232759659 1798138670 4394798667 4675724269 3349832830 5429233512 2157664165 4232350474 3768306729 
0.46 0.29 0.21 0.46 0.33 0.25 0.46 0.17 0.33 0.42 
1 2 3 4 5 6 7 8 9 10 
36 36 36 36 36 36 36 36 36 36 
5474042283 3711668661 2082555864 1323506902 5819760482 4895668484 4210255165 5551442853 3758437462 1114827900 
0.50 0.46 0.25 0.12 0.50 0.42 0.50 0.46 0.38 0.08 
1 2 3 4 5 6 7 8 9 10 
37 37 37 37 37 37 37 37 37 37 
3938199646 6653832123 2462871880 3009447520 4634299632 4861671123 5551610048 5172968216 3918848563 4944694362 
0.29 0.42 0.17 0.21 0.33 0.42 0.46 0.42 0.25 0.38 
1 2 3 4 5 6 7 8 9 10 
38 38 38 38 38 38 38 38 38 38 
2258167843 1301293683 4701118499 5085632290 4712671111 2014565302 3903676883 2964314165 3489870887 3213924844 
0.17 0.08 0.38 0.33 0.33 0.17 0.33 0.21 0.33 0.33 
1 2 3 4 5 6 7 8 9 10 
39 39 39 39 39 39 39 39 39 39 
1709518557 4988803619 3807720138 618135093 2860587267 1777730607 1751475228 2247024528 5220917948 5872978131 
0.17 0.38 0.29 0.08 0.29 0.08 0.17 0.17 0.42 0.46 
1 2 3 4 5 6 7 8 9 10 
40 40 40 40 40 40 40 40 40 40 
836989875 3674109086 2724576621 2703731814 3033577500 3306238324 5057829901 4869749021 4192037942 3502272069 
0.08 0.42 0.29 0.33 0.29 0.29 0.42 0.42 0.38 0.29 
1 2 3 4 5 6 7 8 9 10 
41 41 41 41 41 41 41 41 41 41 
3836487505 5800082211 3569618879 3635064484 5275595190 3312253254 3999428681 6722640023 6753047760 3755089638 
0.21 0.38 0.29 0.25 0.38 0.33 0.33 0.46 0.50 0.25 
1 2 3 4 5 6 7 8 9 10 
42 42 42 42 42 42 42 42 42 42 
3835586149 5114454039 3517974535 3306429111 1460575090 3187821595 2221287048 5864629647 7042771808 1816563194 
0.21 0.33 0.38 0.25 0.08 0.33 0.12 0.33 0.42 0.12 
1 2 3 4 5 6 7 8 9 10 
43 43 43 43 43 43 43 43 43 43 
2885738094 2562557838 5321996494 5143781329 4189517150 3699815592 4709653528 3141447473 1867712406 3908659727 
0.25 0.17 0.42 0.46 0.29 0.29 0.42 0.25 0.21 0.38 
1 2 3 4 5 6 7 8 9 10 
44 44 44 44 44 44 44 44 44 44 
4343589532 1398277740 3943307892 3827825141 1667696509 2454530863 3768556096 1519902022 1400149468 4261075881 
0.46 0.17 0.33 0.38 0.12 0.17 0.33 0.17 0.12 0.38 
1 2 3 4 5 6 7 8 9 10 
45 45 45 45 45 45 45 45 45 45 
1859270402 5593565868 4930751393 2495995212 2925182482 4932253500 4009389231 1605482505 4488837665 2074803228 
0.12 0.50 0.33 0.21 0.21 0.33 0.29 0.08 0.29 0.12 
1 2 3 4 5 6 7 8 9 10 
46 46 46 46 46 46 46 46 46 46 
1102853890 6715204059 1299491118 3265869879 5449157872 4514452131 5094558982 6339301674 2469924772 3984591329 
0.08 0.50 0.21 0.29 0.42 0.29 0.46 0.50 0.12 0.38 
1 2 3 4 5 6 7 8 9 10 
47 47 47 47 47 47 47 47 47 47 
5293854646 1746756749 1589620979 1417795203 2971179190 2722067054 5244221517 7235663717 7075836090 4462285660 
0.46 0.17 0.12 0.17 0.21 0.25 0.46 0.50 0.50 0.33 
1 2 3 4 5 6 7 8 9 10 
48 48 48 48 48 48 48 48 48 48 
4669696743 6247416779 5450630866 5364575484 3457279708 5667344261 6301568074 2202832757 1450969950 2505203500 
0.38 0.42 0.46 0.38 0.29 0.33 0.42 0.12 0.08 0.17 
1 2 3 4 5 6 7 8 9 10 
49 49 49 49 49 49 49 49 49 49 
1484720863 3076541198 2851366966 4298280582 4814270904 3334878324 4552725863 3503022339 5650754159 2129808865 
0.25 0.25 0.29 0.50 0.42 0.29 0.46 0.38 0.46 0.12 
1 2 3 4 5 6 7 8 9 10 
50 50 50 50 50 50 50 50 50 50 
2660446436 850760534 2807769446 4191730027 3404026566 2554690531 2425365972 3408544928 1609990713 4297695187 
0.29 0.12 0.17 0.50 0.38 0.17 0.21 0.38 0.08 0.50 
