[542514137, 297773985, 1034169341, 1065631671, 299102814, 81539924, 610078064, 455076004, 999002802, 631130421, 821508936, 37994229, 271424034, 742479940, 264370808, 508121824, 281375114, 642340431, 856259073, 307730559, 701691572, 571377454, 210750974, 83526465]
[351586156, 480134702, 189524267, 486946147, 855542591, 64854358, 574663562, 642667680, 855403909, 407759965, 94324682, 7272061, 950356527, 743378238, 509152868, 886202597, 81206766, 258040693, 886181119, 681356362, 845143612, 979890963, 86141484, 978294582]
[295257011, 168769009, 649473870, 209644141, 167585626, 377543420, 96482866, 450824474, 365529315, 596492424, 290898907, 951188361, 801356739, 479262265, 968383095, 773171649, 241542009, 37843296, 287990284, 734946874, 433282892, 303522223, 866548111, 822891992]
[696183967, 1000270786, 426716260, 253604740, 387568033, 432958110, 996489548, 940089038, 118759939, 1050498987, 163902991, 911320279, 297204939, 416875524, 787507393, 922642151, 492768731, 55965133, 856895367, 195379551, 287866576, 637656782, 884615422, 760091717]
[845060917, 662615098, 719438736, 61902073, 898489328, 29738881, 69174043, 383848609, 758950617, 80136237, 346201944, 776626569, 475408073, 491637164, 276871199, 864956290, 693012464, 909253462, 310991346, 647286032, 898651486, 87252249, 527113477, 294589623]
[99968168, 118486076, 355319141, 755767655, 96338408, 44510909, 28584062, 968148582, 240016295, 965749039, 26275828, 230654424, 889198638, 359533580, 188998045, 177231975, 322034401, 158704310, 166577842, 845736802, 1064969728, 212013282, 38453986, 886873754]
[64273077, 758981445, 998588797, 773319247, 339660108, 45866499, 174463116, 416791609, 343558764, 998082408, 918228574, 871055173, 371474851, 687793131, 294871450, 17507759, 674088593, 827383441, 739057419, 1047688640, 974570639, 163604919, 859190640, 886032162]
[831490276, 268749227, 362601179, 1070959595, 219016094, 80820807, 704605672, 1059704913, 597836106, 456846116, 54644148, 225056336, 476168597, 767434440, 274631688, 60582505, 383985918, 34744130, 126590235, 13124944, 103813798, 25676401, 75249403, 813676808]
[318478771, 176821836, 489915780, 104300296, 1006638902, 738336877, 380886847, 70209925, 17536594, 296164486, 770339448, 360079404, 785326052, 397673727, 201018752, 233051124, 441580461, 363689044, 466353590, 975464264, 822850051, 1027966188, 542315043, 764489322]
[497181407, 665625440, 781416108, 923899887, 589040622, 788928285, 195938763, 17122218, 615595242, 984042405, 382288712, 663971394, 1001986045, 954949339, 849069596, 164607896, 731649128, 553371052, 912720633, 95046940, 568053461, 839160406, 32267024, 871469305]
[990570069, 495645686, 788385096, 169190433, 18236920, 203705705, 76470243, 813452248, 472287575, 401732365, 22804776, 685865816, 419219093, 393610154, 852521866, 138241423, 142742332, 61324012, 80423801, 130999013, 515261154, 756338182, 780452301, 454245508]
[162059972, 912904051, 790148191, 773232705, 483352514, 320930252, 399483000, 950299553, 540447047, 563196192, 568618995, 608933142, 1002924898, 695869459, 54189291, 53810466, 694170845, 215633364, 836974239, 594416953, 204139137, 22996770, 633839326, 149649458]
[473387651, 544053253, 515906468, 36357759, 212932306, 319777139, 532933988, 164532617, 789882413, 341757471, 631026595, 494200895, 819128660, 40239682, 432271724, 5881569, 34794232, 572028536, 737370936, 123495183, 621618471, 646539620, 296614205, 780557934]
[787594270, 410656724, 534660627, 668006594, 560299336, 895763490, 21166765, 574689720, 479922377, 335688179, 806984628, 438845269, 878559817, 727564262, 800412990, 389945873, 940785424, 519663607, 660384113, 156185143, 841577429, 443704743, 103507972, 69659940]
[95133349, 373103359, 374749980, 417174564, 1069964891, 987218406, 89377791, 659917489, 1038767766, 192955881, 673785249, 594406559, 119467573, 603566734, 894984456, 917051160, 52993295, 517953478, 796603055, 1036790141, 61722833, 730999923, 1030977929, 180988073]
[471897024, 287427056, 834920037, 196894703, 605616164, 828115936, 255644961, 1001458266, 362859329, 777101662, 571186401, 467958631, 712629527, 1027964510, 1072188736, 750869509, 785854701, 141350546, 896304042, 20202884, 331747522, 844750703, 688596668, 222736719]
[529351584, 314255010, 668108348, 955319851, 486886611, 364635197, 1057066345, 250002671, 679465653, 42693038, 11675466, 275866841, 470753468, 525597886, 69761066, 292528312, 799670820, 324694899, 325412117, 515813738, 153641213, 681544584, 156780604, 1043937104]
[747782002, 580768504, 783542666, 41822206, 937303288, 942432892, 544030104, 1003820019, 901224037, 936842745, 43952973, 356561656, 944043539, 60566077, 326602248, 764310033, 69480385, 29422029, 344277015, 266130757, 311054128, 635945300, 9941943, 419434867]
[50959798, 719279206, 202541870, 478678409, 24201503, 699359017, 519117659, 593770840, 194594329, 903856942, 802394185, 176394420, 525371747, 145098729, 33458557, 1055788543, 184064776, 421255256, 979983968, 711650233, 809054916, 971156884, 378198973, 896379263]
[851278121, 312065532, 129590057, 441066606, 63145005, 398669654, 135202508, 641160762, 558912771, 240784857, 869260637, 897743062, 903534307, 336374475, 388905017, 819781336, 887902219, 321129382, 746242404, 540998481, 244406038, 798388209, 572178801, 615954441]
[654847276, 848628708, 933732084, 167094121, 516874754, 958031583, 841485394, 236947126, 388844334, 589686164, 1006947704, 487567921, 366307487, 624247942, 856878440, 718529395, 784629385, 33646223, 639840429, 28152783, 514611510, 414903585, 535736793, 459887199]
[170424832, 233694300, 516808945, 415596731, 83073246, 467638187, 115745798, 831792441, 60754196, 281359170, 514749536, 466555596, 787174370, 849042817, 111881664, 778331810, 1028111871, 308993922, 798388069, 854534018, 1046564796, 395951367, 824670079, 372312278]
[248241946, 521006494, 626794163, 500765364, 602033555, 493682454, 966667134, 30363968, 764683207, 832073023, 620490189, 935852738, 648423126, 812716118, 146949676, 649247433, 10347124, 1021807827, 258446380, 1048770350, 310147602, 549289874, 425413203, 137121020]
[360872097, 620855755, 306529967, 968696450, 792844968, 706173577, 334695106, 41602381, 176508898, 787157469, 239451382, 166021897, 853278602, 1033219283, 521945047, 71219126, 196061760, 389939144, 263318885, 987062823, 778342255, 428250324, 816191759, 499581726]
[943720177, 218780849, 283436225, 1032125418, 1013838156, 17969797, 1005685639, 11041795, 555272337, 827888201, 275696949, 872896033, 1036277946, 1023386244, 255164401, 400533173, 1014388013, 270768802, 592018931, 433482288, 572479228, 58896279, 215252845, 972427069]
[428408913, 162709557, 711588002, 180561060, 710591367, 265204331, 919471012, 927052254, 680881838, 989219108, 938576993, 663622421, 55597050, 474005777, 651984377, 158387698, 856432598, 888717641, 93121366, 819298488, 656176817, 710853069, 360021562, 907190228]
[819510322, 30895709, 325542040, 149668008, 380284790, 64500303, 958247931, 823897114, 855852225, 427322952, 213644766, 292631254, 351343110, 503859365, 677107347, 596698937, 230193338, 118905570, 422897152, 344840586, 318972571, 722885570, 843514561, 265570837]
[855860767, 516682206, 340429050, 709159570, 853771293, 848911454, 325625328, 61878077, 1043713546, 304541829, 383148149, 512621663, 816190758, 35215638, 198754302, 808655468, 389992923, 57164890, 860059626, 70759846, 1026971411, 881390576, 199811316, 723955677]
[954872268, 361396825, 547936096, 802726934, 71158900, 680597762, 1013052709, 626802716, 243836979, 342830156, 363585493, 86459679, 636272041, 74542551, 988162414, 459708285, 520435979, 177072195, 950372914, 904487995, 118364306, 189427016, 52628664, 778718824]
[372934997, 572490857, 846399327, 252810567, 817351168, 917774490, 762548645, 444209677, 198439848, 614307631, 620500028, 999797463, 619483688, 928319289, 94044375, 331507013, 412409970, 258064931, 213414408, 236829739, 965979282, 817725553, 266344842, 1067822171]
[784766020, 463111000, 884697772, 680806420, 728243750, 437137057, 793164722, 830433227, 132714100, 323015181, 76702766, 406445469, 148042530, 8214923, 684377481, 224162850, 292203052, 451207533, 940146884, 626596095, 895243333, 762512655, 78481466, 880126764]
[84347859, 189725458, 90999161, 464998736, 497970747, 1037932216, 26262036, 694060648, 202490050, 238008319, 384641272, 63265510, 54297146, 299069055, 905653595, 718697601, 902169932, 589356856, 423136631, 925693298, 6916327, 87728198, 770761756, 702645550]
[62234722, 212361463, 1063326874, 78543637, 489769714, 445815008, 465954676, 726791146, 243925386, 316837254, 372021029, 407342158, 99203163, 858882382, 975051991, 77002647, 616440129, 494567023, 135669584, 611060127, 268402868, 723829245, 394042664, 622589297]
[173691518, 106622545, 598307232, 644761761, 572203960, 31596861, 252699678, 714086283, 538400841, 552826404, 770654430, 158454011, 837997588, 577081449, 799942318, 940634880, 313683151, 111304367, 231291045, 461863595, 657815196, 200174640, 100870501, 68868425]
[639272463, 342735234, 388372816, 560550706, 507388122, 634824093, 1027134100, 384909633, 1021971771, 775804762, 168276403, 234182191, 967009585, 908992561, 541134535, 222587102, 520899271, 39804846, 691596069, 186993705, 362612462, 505351809, 147330635, 972278596]
[294234681, 626965088, 235263217, 751466802, 72033028, 376982137, 48281736, 258320141, 387706899, 347802938, 1023379124, 315990515, 251846042, 404903698, 798837385, 1029083851, 775072447, 136547597, 541631030, 489069721, 275068523, 39501536, 464183138, 582710877]
[873469354, 52501297, 530254377, 508090198, 822501398, 1021546411, 345223787, 954692237, 485136711, 568017815, 284009646, 296940399, 341966853, 297405971, 795484251, 635513049, 188181247, 768022498, 632947446, 603435744, 530381131, 381631513, 853504938, 291653441]
[2466031, 139107542, 481901036, 488673006, 406799749, 456515127, 878050106, 248993680, 37637696, 1073042361, 812620677, 1017499153, 397700850, 202989097, 249860838, 622923584, 290394437, 1039973626, 1006708862, 73373379, 664978379, 31019039, 420414105, 789474328]
[37396876, 944238150, 577319437, 142140268, 321114617, 110259254, 224244324, 286385900, 1045473421, 997821387, 505778253, 180006152, 630759654, 1031177171, 385195150, 39359678, 404352324, 712014914, 494400427, 1062099443, 400626642, 507875839, 1021975975, 755754632]
[465785276, 659733664, 570911984, 820832298, 315467254, 100785567, 419019146, 556100812, 517425243, 736204308, 147249390, 152101521, 802153747, 22017215, 75232335, 204350201, 896051550, 121507190, 642368374, 440215137, 20078277, 966943405, 356994336, 417096006]
[662025137, 1015350038, 612923160, 653142679, 120683954, 821400161, 667068587, 928659955, 497777341, 46358264, 149577583, 952754898, 828100901, 744047637, 207301092, 555839228, 233950029, 597914152, 568440464, 657775517, 1066166293, 854689691, 818917291, 896122936]
[76493172, 322448810, 822752440, 24958207, 1068925911, 922737713, 1053906965, 705964069, 437277356, 404554706, 929354116, 25240361, 244079793, 775675301, 541358590, 593187279, 619509126, 398082781, 826102621, 141744999, 919216500, 580449661, 169468950, 976892049]
[757263176, 20186172, 128538323, 987574937, 794031822, 907609298, 192923001, 135939552, 691522935, 254485642, 889339925, 74861412, 398887563, 318192026, 4756064, 468948001, 854486830, 1827640, 545882791, 477208260, 498797801, 836732655, 332961594, 934356897]
[1031975921, 281093230, 343437214, 172676922, 909487611, 466013922, 682185836, 945091720, 520165660, 571592733, 275000078, 549791282, 1045587947, 98304342, 191379913, 294779232, 305372604, 379644520, 282380826, 193706286, 926682509, 361239385, 792279429, 80019548]
[758673494, 619856831, 963788806, 417773342, 1071609830, 933529146, 518924318, 262357717, 587659884, 186737448, 114940938, 635508913, 414054276, 177681629, 606890859, 691083458, 224102393, 896723209, 641693699, 632522712, 487965487, 1037173055, 425347140, 1059396244]
[290579620, 280965355, 16860202, 172383438, 838653473, 73464851, 614092846, 764564029, 640239662, 33795414, 449261530, 602799574, 582146490, 880644002, 992384895, 904525504, 753729623, 412488797, 42638642, 865479810, 453160740, 573014373, 349124267, 885393946]
[565309492, 1045803289, 371622884, 294930960, 971252390, 130692805, 52167933, 409556549, 616857571, 396377678, 210109194, 833970880, 1006270174, 601886253, 622184651, 123276418, 694437926, 810613476, 1023998955, 235890685, 499946105, 610848085, 254833080, 732901646]
[926955048, 787093896, 832308445, 1052032523, 614870850, 398937427, 495638874, 920262255, 69751700, 728401843, 83506624, 253679463, 970667826, 246125175, 408720895, 870251546, 836142561, 825141120, 497038555, 19404676, 799496846, 880368257, 800868011, 505901216]
[420515630, 300231347, 436382785, 1051149201, 129839766, 192194600, 196038694, 132048391, 999685159, 375116276, 30119783, 964751069, 333957792, 262830410, 253024102, 196503426, 774738922, 446051948, 744542166, 303405285, 760067247, 267406883, 253810789, 614768937]
[60621008, 18119115, 226725221, 715465686, 270752958, 28874143, 475128028, 250961629, 320128179, 776398190, 549411565, 469571790, 386573806, 555253308, 749908630, 879867916, 349086500, 35159705, 440830013, 826538869, 21755526, 267905204, 373073684, 1054737405]


1065631671
979890963
968383095
1050498987
909253462
1064969728
1047688640
1070959595
1027966188
1001986045
990570069
1002924898
819128660
940785424
1069964891
1072188736
1057066345
1003820019
1055788543
903534307
1006947704
1046564796
1048770350
1033219283
1036277946
989219108
958247931
1043713546
1013052709
1067822171
940146884
1037932216
1063326874
940634880
1027134100
1029083851
1021546411
1073042361
1062099443
966943405
1066166293
1068925911
987574937
1045587947
1071609830
992384895
1045803289
1052032523
1051149201
1054737405
